0.21875, 0.1596708446741104, 0.09082289785146713|1.0, 0.0, 0.0
0.21875, 0.1596708446741104, 0.09082289785146713|1.0, 0.0, 0.0
0.21875, 0.039306335151195526, 0.05709775909781456|1.0, 0.0, 0.0
0.21875, 0.039306335151195526, 0.05709775909781456|1.0, 0.0, 0.0
-0.21875, 0.1596708446741104, 0.09082293510437012|-1.0, 0.0, 0.0
-0.21875, 0.1596708446741104, 0.09082293510437012|-1.0, 0.0, 0.0
-0.21875, 0.039306335151195526, 0.057097796350717545|-1.0, 0.0, 0.0
-0.21875, 0.039306335151195526, 0.057097796350717545|-1.0, 0.0, 0.0
0.21875, 0.1596708446741104, 0.09082289785146713|0.0, 0.96062994, 0.26771653
-0.21875, 0.1596708446741104, 0.09082293510437012|0.0, 0.96062994, 0.26771653
-0.21875, 0.1596708446741104, 0.09082293510437012|0.0, 0.96062994, 0.26771653
0.21875, 0.1596708446741104, 0.09082289785146713|0.0, 0.96062994, 0.26771653
0.21875, 0.039306335151195526, 0.05709775909781456|0.0, -0.96062994, -0.26771653
-0.21875, 0.039306335151195526, 0.057097796350717545|0.0, -0.96062994, -0.26771653
-0.21875, 0.039306335151195526, 0.057097796350717545|0.0, -0.96062994, -0.26771653
0.21875, 0.039306335151195526, 0.05709775909781456|0.0, -0.96062994, -0.26771653
0.21875, 0.1596708446741104, 0.09082289785146713|0.0, -0.26771653, 0.96062994
-0.21875, 0.1596708446741104, 0.09082293510437012|0.0, -0.26771653, 0.96062994
-0.21875, 0.039306335151195526, 0.057097796350717545|0.0, -0.26771653, 0.96062994
0.21875, 0.039306335151195526, 0.05709775909781456|0.0, -0.26771653, 0.96062994
-0.21875, 0.1596708446741104, 0.09082293510437012|0.0, 0.26771653, -0.96062994
0.21875, 0.1596708446741104, 0.09082289785146713|0.0, 0.26771653, -0.96062994
0.21875, 0.039306335151195526, 0.05709775909781456|0.0, 0.26771653, -0.96062994
-0.21875, 0.039306335151195526, 0.057097796350717545|0.0, 0.26771653, -0.96062994
-0.09366609156131744, 0.6445112228393555, -0.14167572557926178|0.8897638, -0.44094488, -0.07086614
-0.09366606175899506, 0.5798746943473816, 0.2278386652469635|0.8897638, -0.44094488, -0.07086614
-0.09372222423553467, 0.5797646641731262, 0.22781941294670105|0.8897638, -0.44094488, -0.07086614
-0.09372225403785706, 0.6444012522697449, -0.14169494807720184|0.8897638, -0.44094488, -0.07086614
-0.5963037610054016, 0.8288828730583191, 0.2713959515094757|-0.8897638, 0.44094488, 0.07086614
-0.5963038206100464, 0.893519401550293, -0.09811840951442719|-0.8897638, 0.44094488, 0.07086614
-0.5963599681854248, 0.8934094309806824, -0.09813766181468964|-0.8897638, 0.44094488, 0.07086614
-0.59635990858078, 0.8287729024887085, 0.27137669920921326|-0.8897638, 0.44094488, 0.07086614
-0.09366609156131744, 0.6445112228393555, -0.14167572557926178|0.4488189, 0.87401575, 0.1496063
-0.5963038206100464, 0.893519401550293, -0.09811840951442719|0.4488189, 0.87401575, 0.1496063
-0.5963037610054016, 0.8288828730583191, 0.2713959515094757|0.4488189, 0.87401575, 0.1496063
-0.09366606175899506, 0.5798746943473816, 0.2278386652469635|0.4488189, 0.87401575, 0.1496063
-0.09372222423553467, 0.5797646641731262, 0.22781941294670105|-0.4488189, -0.87401575, -0.1496063
-0.59635990858078, 0.8287729024887085, 0.27137669920921326|-0.4488189, -0.87401575, -0.1496063
-0.5963599681854248, 0.8934094309806824, -0.09813766181468964|-0.4488189, -0.87401575, -0.1496063
-0.09372225403785706, 0.6444012522697449, -0.14169494807720184|-0.4488189, -0.87401575, -0.1496063
-0.09366606175899506, 0.5798746943473816, 0.2278386652469635|0.0, -0.16535433, 0.984252
-0.5963037610054016, 0.8288828730583191, 0.2713959515094757|0.0, -0.16535433, 0.984252
-0.59635990858078, 0.8287729024887085, 0.27137669920921326|0.0, -0.16535433, 0.984252
-0.09372222423553467, 0.5797646641731262, 0.22781941294670105|0.0, -0.16535433, 0.984252
-0.5963038206100464, 0.893519401550293, -0.09811840951442719|0.0, 0.16535433, -0.984252
-0.09366609156131744, 0.6445112228393555, -0.14167572557926178|0.0, 0.16535433, -0.984252
-0.09372225403785706, 0.6444012522697449, -0.14169494807720184|0.0, 0.16535433, -0.984252
-0.5963599681854248, 0.8934094309806824, -0.09813766181468964|0.0, 0.16535433, -0.984252
0.09372223168611526, 0.6444012522697449, -0.14169496297836304|-0.8897638, -0.44094488, -0.07086614
0.09372226893901825, 0.5797646641731262, 0.22781939804553986|-0.8897638, -0.44094488, -0.07086614
0.09366610646247864, 0.5798746943473816, 0.2278386503458023|-0.8897638, -0.44094488, -0.07086614
0.09366606920957565, 0.6445112228393555, -0.14167574048042297|-0.8897638, -0.44094488, -0.07086614
0.59635990858078, 0.8287729024887085, 0.2713766098022461|0.8897638, 0.44094488, 0.07086614
0.5963598489761353, 0.8934094309806824, -0.098137766122818|0.8897638, 0.44094488, 0.07086614
0.5963037014007568, 0.893519401550293, -0.09811851382255554|0.8897638, 0.44094488, 0.07086614
0.5963037610054016, 0.8288828730583191, 0.27139586210250854|0.8897638, 0.44094488, 0.07086614
0.09366610646247864, 0.5798746943473816, 0.2278386503458023|-0.4488189, 0.87401575, 0.1496063
0.5963037610054016, 0.8288828730583191, 0.27139586210250854|-0.4488189, 0.87401575, 0.1496063
0.5963037014007568, 0.893519401550293, -0.09811851382255554|-0.4488189, 0.87401575, 0.1496063
0.09366606920957565, 0.6445112228393555, -0.14167574048042297|-0.4488189, 0.87401575, 0.1496063
0.09372223168611526, 0.6444012522697449, -0.14169496297836304|0.4488189, -0.87401575, -0.1496063
0.5963598489761353, 0.8934094309806824, -0.098137766122818|0.4488189, -0.87401575, -0.1496063
0.59635990858078, 0.8287729024887085, 0.2713766098022461|0.4488189, -0.87401575, -0.1496063
0.09372226893901825, 0.5797646641731262, 0.22781939804553986|0.4488189, -0.87401575, -0.1496063
0.09372226893901825, 0.5797646641731262, 0.22781939804553986|0.0, -0.16535433, 0.984252
0.59635990858078, 0.8287729024887085, 0.2713766098022461|0.0, -0.16535433, 0.984252
0.5963037610054016, 0.8288828730583191, 0.27139586210250854|0.0, -0.16535433, 0.984252
0.09366610646247864, 0.5798746943473816, 0.2278386503458023|0.0, -0.16535433, 0.984252
0.5963598489761353, 0.8934094309806824, -0.098137766122818|0.0, 0.16535433, -0.984252
0.09372223168611526, 0.6444012522697449, -0.14169496297836304|0.0, 0.16535433, -0.984252
0.09366606920957565, 0.6445112228393555, -0.14167574048042297|0.0, 0.16535433, -0.984252
0.5963037014007568, 0.893519401550293, -0.09811851382255554|0.0, 0.16535433, -0.984252
0.21875, 0.18120917677879333, -0.03230752423405647|1.0, 0.0, 0.0
0.21875, 0.18120917677879333, -0.03230752423405647|1.0, 0.0, 0.0
0.21875, 0.10937273502349854, -0.13460378348827362|1.0, 0.0, 0.0
0.21875, 0.10937273502349854, -0.13460378348827362|1.0, 0.0, 0.0
-0.21875, 0.18120917677879333, -0.03230748698115349|-1.0, 0.0, 0.0
-0.21875, 0.18120917677879333, -0.03230748698115349|-1.0, 0.0, 0.0
-0.21875, 0.10937273502349854, -0.13460373878479004|-1.0, 0.0, 0.0
-0.21875, 0.10937273502349854, -0.13460373878479004|-1.0, 0.0, 0.0
0.21875, 0.18120917677879333, -0.03230752423405647|0.0, 0.5669291, 0.8110236
-0.21875, 0.18120917677879333, -0.03230748698115349|0.0, 0.5669291, 0.8110236
-0.21875, 0.18120917677879333, -0.03230748698115349|0.0, 0.5669291, 0.8110236
0.21875, 0.18120917677879333, -0.03230752423405647|0.0, 0.5669291, 0.8110236
0.21875, 0.10937273502349854, -0.13460378348827362|0.0, -0.5669291, -0.8110236
-0.21875, 0.10937273502349854, -0.13460373878479004|0.0, -0.5669291, -0.8110236
-0.21875, 0.10937273502349854, -0.13460373878479004|0.0, -0.5669291, -0.8110236
0.21875, 0.10937273502349854, -0.13460378348827362|0.0, -0.5669291, -0.8110236
0.21875, 0.18120917677879333, -0.03230752423405647|0.0, -0.8110236, 0.5669291
-0.21875, 0.18120917677879333, -0.03230748698115349|0.0, -0.8110236, 0.5669291
-0.21875, 0.10937273502349854, -0.13460373878479004|0.0, -0.8110236, 0.5669291
0.21875, 0.10937273502349854, -0.13460378348827362|0.0, -0.8110236, 0.5669291
-0.21875, 0.18120917677879333, -0.03230748698115349|0.0, 0.8110236, -0.5669291
0.21875, 0.18120917677879333, -0.03230752423405647|0.0, 0.8110236, -0.5669291
0.21875, 0.10937273502349854, -0.13460378348827362|0.0, 0.8110236, -0.5669291
-0.21875, 0.10937273502349854, -0.13460373878479004|0.0, 0.8110236, -0.5669291
0.2187499701976776, 0.6660114526748657, -0.2647493779659271|1.0, 0.0, 0.0
0.2187500298023224, 0.5583198070526123, 0.3509027063846588|1.0, 0.0, 0.0
0.2187500298023224, 0.12736333906650543, 0.2755185067653656|1.0, 0.0, 0.0
0.2187499701976776, 0.23505501449108124, -0.34013357758522034|1.0, 0.0, 0.0
-0.2187499701976776, 0.5583198070526123, 0.3509027361869812|-1.0, 0.0, 0.0
-0.2187500298023224, 0.6660114526748657, -0.26474934816360474|-1.0, 0.0, 0.0
-0.2187500298023224, 0.23505501449108124, -0.34013351798057556|-1.0, 0.0, 0.0
-0.2187499701976776, 0.12736333906650543, 0.2755185663700104|-1.0, 0.0, 0.0
0.2187499701976776, 0.6660114526748657, -0.2647493779659271|0.0, 0.984252, 0.16535433
-0.2187500298023224, 0.6660114526748657, -0.26474934816360474|0.0, 0.984252, 0.16535433
-0.2187499701976776, 0.5583198070526123, 0.3509027361869812|0.0, 0.984252, 0.16535433
0.2187500298023224, 0.5583198070526123, 0.3509027063846588|0.0, 0.984252, 0.16535433
0.2187500298023224, 0.12736333906650543, 0.2755185067653656|0.0, -0.984252, -0.16535433
-0.2187499701976776, 0.12736333906650543, 0.2755185663700104|0.0, -0.984252, -0.16535433
-0.2187500298023224, 0.23505501449108124, -0.34013351798057556|0.0, -0.984252, -0.16535433
0.2187499701976776, 0.23505501449108124, -0.34013357758522034|0.0, -0.984252, -0.16535433
0.2187500298023224, 0.5583198070526123, 0.3509027063846588|0.0, -0.16535433, 0.984252
-0.2187499701976776, 0.5583198070526123, 0.3509027361869812|0.0, -0.16535433, 0.984252
-0.2187499701976776, 0.12736333906650543, 0.2755185663700104|0.0, -0.16535433, 0.984252
0.2187500298023224, 0.12736333906650543, 0.2755185067653656|0.0, -0.16535433, 0.984252
-0.2187500298023224, 0.6660114526748657, -0.26474934816360474|0.0, 0.16535433, -0.984252
0.2187499701976776, 0.6660114526748657, -0.2647493779659271|0.0, 0.16535433, -0.984252
0.2187499701976776, 0.23505501449108124, -0.34013357758522034|0.0, 0.16535433, -0.984252
-0.2187500298023224, 0.23505501449108124, -0.34013351798057556|0.0, 0.16535433, -0.984252
-0.09374997019767761, 0.5559567213058472, 0.3616173565387726|1.0, 0.0, 0.0
-0.09374995529651642, 0.5075773000717163, 0.5427683591842651|1.0, 0.0, 0.0
-0.09374995529651642, 0.38680997490882874, 0.5105153918266296|1.0, 0.0, 0.0
-0.09374997019767761, 0.4351893961429596, 0.3293643891811371|1.0, 0.0, 0.0
-0.15624995529651642, 0.5075773000717163, 0.5427683591842651|-1.0, 0.0, 0.0
-0.1562499701976776, 0.5559567213058472, 0.3616173565387726|-1.0, 0.0, 0.0
-0.1562499701976776, 0.4351893961429596, 0.3293643891811371|-1.0, 0.0, 0.0
-0.15624995529651642, 0.38680997490882874, 0.5105153918266296|-1.0, 0.0, 0.0
-0.09374997019767761, 0.5559567213058472, 0.3616173565387726|0.0, 0.96062994, 0.2519685
-0.1562499701976776, 0.5559567213058472, 0.3616173565387726|0.0, 0.96062994, 0.2519685
-0.15624995529651642, 0.5075773000717163, 0.5427683591842651|0.0, 0.96062994, 0.2519685
-0.09374995529651642, 0.5075773000717163, 0.5427683591842651|0.0, 0.96062994, 0.2519685
-0.09374995529651642, 0.38680997490882874, 0.5105153918266296|0.0, -0.96062994, -0.2519685
-0.15624995529651642, 0.38680997490882874, 0.5105153918266296|0.0, -0.96062994, -0.2519685
-0.1562499701976776, 0.4351893961429596, 0.3293643891811371|0.0, -0.96062994, -0.2519685
-0.09374997019767761, 0.4351893961429596, 0.3293643891811371|0.0, -0.96062994, -0.2519685
-0.09374995529651642, 0.5075773000717163, 0.5427683591842651|0.0, -0.2519685, 0.96062994
-0.15624995529651642, 0.5075773000717163, 0.5427683591842651|0.0, -0.2519685, 0.96062994
-0.15624995529651642, 0.38680997490882874, 0.5105153918266296|0.0, -0.2519685, 0.96062994
-0.09374995529651642, 0.38680997490882874, 0.5105153918266296|0.0, -0.2519685, 0.96062994
-0.1562499701976776, 0.5559567213058472, 0.3616173565387726|0.0, 0.2519685, -0.96062994
-0.09374997019767761, 0.5559567213058472, 0.3616173565387726|0.0, 0.2519685, -0.96062994
-0.09374997019767761, 0.4351893961429596, 0.3293643891811371|0.0, 0.2519685, -0.96062994
-0.1562499701976776, 0.4351893961429596, 0.3293643891811371|0.0, 0.2519685, -0.96062994
-3.673394033398836E-8, 0.5028542280197144, -0.4201872944831848|1.0, 0.0, 0.0
-2.5969535855097092E-8, 0.48131585121154785, -0.2970568835735321|1.0, 0.0, 0.0
-2.6911006756336064E-8, 0.4197506308555603, -0.30782604217529297|1.0, 0.0, 0.0
-3.767540945887049E-8, 0.4412889778614044, -0.4309564530849457|1.0, 0.0, 0.0
-2.5969535855097092E-8, 0.48131585121154785, -0.2970568835735321|-1.0, 0.0, 0.0
-3.673394033398836E-8, 0.5028542280197144, -0.4201872944831848|-1.0, 0.0, 0.0
-3.767540945887049E-8, 0.4412889778614044, -0.4309564530849457|-1.0, 0.0, 0.0
-2.6911006756336064E-8, 0.4197506308555603, -0.30782604217529297|-1.0, 0.0, 0.0
-3.673394033398836E-8, 0.5028542280197144, -0.4201872944831848|0.0, 0.984252, 0.16535433
-3.673394033398836E-8, 0.5028542280197144, -0.4201872944831848|0.0, 0.984252, 0.16535433
-2.5969535855097092E-8, 0.48131585121154785, -0.2970568835735321|0.0, 0.984252, 0.16535433
-2.5969535855097092E-8, 0.48131585121154785, -0.2970568835735321|0.0, 0.984252, 0.16535433
-2.6911006756336064E-8, 0.4197506308555603, -0.30782604217529297|0.0, -0.984252, -0.16535433
-2.6911006756336064E-8, 0.4197506308555603, -0.30782604217529297|0.0, -0.984252, -0.16535433
-3.767540945887049E-8, 0.4412889778614044, -0.4309564530849457|0.0, -0.984252, -0.16535433
-3.767540945887049E-8, 0.4412889778614044, -0.4309564530849457|0.0, -0.984252, -0.16535433
-2.5969535855097092E-8, 0.48131585121154785, -0.2970568835735321|0.0, -0.16535433, 0.984252
-2.5969535855097092E-8, 0.48131585121154785, -0.2970568835735321|0.0, -0.16535433, 0.984252
-2.6911006756336064E-8, 0.4197506308555603, -0.30782604217529297|0.0, -0.16535433, 0.984252
-2.6911006756336064E-8, 0.4197506308555603, -0.30782604217529297|0.0, -0.16535433, 0.984252
-3.673394033398836E-8, 0.5028542280197144, -0.4201872944831848|0.0, 0.16535433, -0.984252
-3.673394033398836E-8, 0.5028542280197144, -0.4201872944831848|0.0, 0.16535433, -0.984252
-3.767540945887049E-8, 0.4412889778614044, -0.4309564530849457|0.0, 0.16535433, -0.984252
-3.767540945887049E-8, 0.4412889778614044, -0.4309564530849457|0.0, 0.16535433, -0.984252
0.1562500298023224, 0.5559567213058472, 0.3616173267364502|1.0, 0.0, 0.0
0.15625004470348358, 0.5075773000717163, 0.5427683591842651|1.0, 0.0, 0.0
0.15625004470348358, 0.38680997490882874, 0.5105153918266296|1.0, 0.0, 0.0
0.1562500298023224, 0.4351893961429596, 0.3293643891811371|1.0, 0.0, 0.0
0.09375004470348358, 0.5075773000717163, 0.5427683591842651|-1.0, 0.0, 0.0
0.09375002980232239, 0.5559567213058472, 0.3616173267364502|-1.0, 0.0, 0.0
0.09375002980232239, 0.4351893961429596, 0.3293643891811371|-1.0, 0.0, 0.0
0.09375004470348358, 0.38680997490882874, 0.5105153918266296|-1.0, 0.0, 0.0
0.1562500298023224, 0.5559567213058472, 0.3616173267364502|0.0, 0.96062994, 0.2519685
0.09375002980232239, 0.5559567213058472, 0.3616173267364502|0.0, 0.96062994, 0.2519685
0.09375004470348358, 0.5075773000717163, 0.5427683591842651|0.0, 0.96062994, 0.2519685
0.15625004470348358, 0.5075773000717163, 0.5427683591842651|0.0, 0.96062994, 0.2519685
0.15625004470348358, 0.38680997490882874, 0.5105153918266296|0.0, -0.96062994, -0.2519685
0.09375004470348358, 0.38680997490882874, 0.5105153918266296|0.0, -0.96062994, -0.2519685
0.09375002980232239, 0.4351893961429596, 0.3293643891811371|0.0, -0.96062994, -0.2519685
0.1562500298023224, 0.4351893961429596, 0.3293643891811371|0.0, -0.96062994, -0.2519685
0.15625004470348358, 0.5075773000717163, 0.5427683591842651|0.0, -0.2519685, 0.96062994
0.09375004470348358, 0.5075773000717163, 0.5427683591842651|0.0, -0.2519685, 0.96062994
0.09375004470348358, 0.38680997490882874, 0.5105153918266296|0.0, -0.2519685, 0.96062994
0.15625004470348358, 0.38680997490882874, 0.5105153918266296|0.0, -0.2519685, 0.96062994
0.09375002980232239, 0.5559567213058472, 0.3616173267364502|0.0, 0.2519685, -0.96062994
0.1562500298023224, 0.5559567213058472, 0.3616173267364502|0.0, 0.2519685, -0.96062994
0.1562500298023224, 0.4351893961429596, 0.3293643891811371|0.0, 0.2519685, -0.96062994
0.09375002980232239, 0.4351893961429596, 0.3293643891811371|0.0, 0.2519685, -0.96062994
0.21875, 0.20274750888347626, -0.15543794631958008|1.0, 0.0, 0.0
0.21875, 0.20274750888347626, -0.15543794631958008|1.0, 0.0, 0.0
0.2187499850988388, 0.11676207184791565, -0.24616557359695435|1.0, 0.0, 0.0
0.2187499850988388, 0.11676207184791565, -0.24616557359695435|1.0, 0.0, 0.0
-0.21875, 0.20274750888347626, -0.1554379016160965|-1.0, 0.0, 0.0
-0.21875, 0.20274750888347626, -0.1554379016160965|-1.0, 0.0, 0.0
-0.21875, 0.11676207184791565, -0.24616554379463196|-1.0, 0.0, 0.0
-0.21875, 0.11676207184791565, -0.24616554379463196|-1.0, 0.0, 0.0
0.21875, 0.20274750888347626, -0.15543794631958008|0.0, 0.68503934, 0.72440946
-0.21875, 0.20274750888347626, -0.1554379016160965|0.0, 0.68503934, 0.72440946
-0.21875, 0.20274750888347626, -0.1554379016160965|0.0, 0.68503934, 0.72440946
0.21875, 0.20274750888347626, -0.15543794631958008|0.0, 0.68503934, 0.72440946
0.2187499850988388, 0.11676207184791565, -0.24616557359695435|0.0, -0.68503934, -0.72440946
-0.21875, 0.11676207184791565, -0.24616554379463196|0.0, -0.68503934, -0.72440946
-0.21875, 0.11676207184791565, -0.24616554379463196|0.0, -0.68503934, -0.72440946
0.2187499850988388, 0.11676207184791565, -0.24616557359695435|0.0, -0.68503934, -0.72440946
0.21875, 0.20274750888347626, -0.15543794631958008|0.0, -0.72440946, 0.68503934
-0.21875, 0.20274750888347626, -0.1554379016160965|0.0, -0.72440946, 0.68503934
-0.21875, 0.11676207184791565, -0.24616554379463196|0.0, -0.72440946, 0.68503934
0.2187499850988388, 0.11676207184791565, -0.24616557359695435|0.0, -0.72440946, 0.68503934
-0.21875, 0.20274750888347626, -0.1554379016160965|0.0, 0.72440946, -0.68503934
0.21875, 0.20274750888347626, -0.15543794631958008|0.0, 0.72440946, -0.68503934
0.2187499850988388, 0.11676207184791565, -0.24616557359695435|0.0, 0.72440946, -0.68503934
-0.21875, 0.11676207184791565, -0.24616554379463196|0.0, 0.72440946, -0.68503934