0.5624999403953552, 1.0010000467300415, -0.5000000596046448|1.0, 0.0, 0.0
0.5625000596046448, 1.0010000467300415, 0.4999999403953552|1.0, 0.0, 0.0
0.5625000596046448, 0.001000046730041504, 0.4999999403953552|1.0, 0.0, 0.0
0.5624999403953552, 0.001000046730041504, -0.5000000596046448|1.0, 0.0, 0.0
-0.5624999403953552, 1.0010000467300415, 0.5000000596046448|-1.0, 0.0, 0.0
-0.5625000596046448, 1.0010000467300415, -0.4999999403953552|-1.0, 0.0, 0.0
-0.5625000596046448, 0.001000046730041504, -0.4999999403953552|-1.0, 0.0, 0.0
-0.5624999403953552, 0.001000046730041504, 0.5000000596046448|-1.0, 0.0, 0.0
0.5624999403953552, 1.0010000467300415, -0.5000000596046448|0.0, 1.0, 0.0
-0.5625000596046448, 1.0010000467300415, -0.4999999403953552|0.0, 1.0, 0.0
-0.5624999403953552, 1.0010000467300415, 0.5000000596046448|0.0, 1.0, 0.0
0.5625000596046448, 1.0010000467300415, 0.4999999403953552|0.0, 1.0, 0.0
0.5625000596046448, 0.001000046730041504, 0.4999999403953552|0.0, -1.0, 0.0
-0.5624999403953552, 0.001000046730041504, 0.5000000596046448|0.0, -1.0, 0.0
-0.5625000596046448, 0.001000046730041504, -0.4999999403953552|0.0, -1.0, 0.0
0.5624999403953552, 0.001000046730041504, -0.5000000596046448|0.0, -1.0, 0.0
0.5625000596046448, 1.0010000467300415, 0.4999999403953552|0.0, 0.0, 1.0
-0.5624999403953552, 1.0010000467300415, 0.5000000596046448|0.0, 0.0, 1.0
-0.5624999403953552, 0.001000046730041504, 0.5000000596046448|0.0, 0.0, 1.0
0.5625000596046448, 0.001000046730041504, 0.4999999403953552|0.0, 0.0, 1.0
-0.5625000596046448, 1.0010000467300415, -0.4999999403953552|0.0, 0.0, -1.0
0.5624999403953552, 1.0010000467300415, -0.5000000596046448|0.0, 0.0, -1.0
0.5624999403953552, 0.001000046730041504, -0.5000000596046448|0.0, 0.0, -1.0
-0.5625000596046448, 0.001000046730041504, -0.4999999403953552|0.0, 0.0, -1.0