-0.11339990794658661, 2.000999927520752, -0.3348737955093384|0.44094488, 0.0, -0.8897638
0.3348737955093384, 2.000999927520752, -0.11339990794658661|0.44094488, 0.0, -0.8897638
0.3348737955093384, 1.5010000467300415, -0.11339990794658661|0.44094488, 0.0, -0.8897638
-0.11339990794658661, 1.5010000467300415, -0.3348737955093384|0.44094488, 0.0, -0.8897638
0.11339990794658661, 2.000999927520752, 0.3348737955093384|-0.44094488, 0.0, 0.8897638
-0.3348737955093384, 2.000999927520752, 0.11339990794658661|-0.44094488, 0.0, 0.8897638
-0.3348737955093384, 1.5010000467300415, 0.11339990794658661|-0.44094488, 0.0, 0.8897638
0.11339990794658661, 1.5010000467300415, 0.3348737955093384|-0.44094488, 0.0, 0.8897638
-0.11339990794658661, 2.000999927520752, -0.3348737955093384|0.0, 1.0, 0.0
-0.3348737955093384, 2.000999927520752, 0.11339990794658661|0.0, 1.0, 0.0
0.11339990794658661, 2.000999927520752, 0.3348737955093384|0.0, 1.0, 0.0
0.3348737955093384, 2.000999927520752, -0.11339990794658661|0.0, 1.0, 0.0
0.3348737955093384, 1.5010000467300415, -0.11339990794658661|0.0, -1.0, 0.0
0.11339990794658661, 1.5010000467300415, 0.3348737955093384|0.0, -1.0, 0.0
-0.3348737955093384, 1.5010000467300415, 0.11339990794658661|0.0, -1.0, 0.0
-0.11339990794658661, 1.5010000467300415, -0.3348737955093384|0.0, -1.0, 0.0
0.3348737955093384, 2.000999927520752, -0.11339990794658661|0.8897638, 0.0, 0.44094488
0.11339990794658661, 2.000999927520752, 0.3348737955093384|0.8897638, 0.0, 0.44094488
0.11339990794658661, 1.5010000467300415, 0.3348737955093384|0.8897638, 0.0, 0.44094488
0.3348737955093384, 1.5010000467300415, -0.11339990794658661|0.8897638, 0.0, 0.44094488
-0.3348737955093384, 2.000999927520752, 0.11339990794658661|-0.8897638, 0.0, -0.44094488
-0.11339990794658661, 2.000999927520752, -0.3348737955093384|-0.8897638, 0.0, -0.44094488
-0.11339990794658661, 1.5010000467300415, -0.3348737955093384|-0.8897638, 0.0, -0.44094488
-0.3348737955093384, 1.5010000467300415, 0.11339990794658661|-0.8897638, 0.0, -0.44094488
-0.0013314858078956604, 1.5010000467300415, -0.27950531244277954|0.44094488, 0.0, -0.8897638
0.22280535101890564, 1.5010000467300415, -0.16876837611198425|0.44094488, 0.0, -0.8897638
0.22280535101890564, 0.7510000467300415, -0.16876837611198425|0.44094488, 0.0, -0.8897638
-0.0013314858078956604, 0.7510000467300415, -0.27950531244277954|0.44094488, 0.0, -0.8897638
0.0013314858078956604, 1.5010000467300415, 0.27950531244277954|-0.44094488, 0.0, 0.8897638
-0.22280535101890564, 1.5010000467300415, 0.16876837611198425|-0.44094488, 0.0, 0.8897638
-0.22280535101890564, 0.7510000467300415, 0.16876837611198425|-0.44094488, 0.0, 0.8897638
0.0013314858078956604, 0.7510000467300415, 0.27950531244277954|-0.44094488, 0.0, 0.8897638
-0.0013314858078956604, 1.5010000467300415, -0.27950531244277954|0.0, 1.0, 0.0
-0.22280535101890564, 1.5010000467300415, 0.16876837611198425|0.0, 1.0, 0.0
0.0013314858078956604, 1.5010000467300415, 0.27950531244277954|0.0, 1.0, 0.0
0.22280535101890564, 1.5010000467300415, -0.16876837611198425|0.0, 1.0, 0.0
0.22280535101890564, 0.7510000467300415, -0.16876837611198425|0.0, -1.0, 0.0
0.0013314858078956604, 0.7510000467300415, 0.27950531244277954|0.0, -1.0, 0.0
-0.22280535101890564, 0.7510000467300415, 0.16876837611198425|0.0, -1.0, 0.0
-0.0013314858078956604, 0.7510000467300415, -0.27950531244277954|0.0, -1.0, 0.0
0.22280535101890564, 1.5010000467300415, -0.16876837611198425|0.8897638, 0.0, 0.44094488
0.0013314858078956604, 1.5010000467300415, 0.27950531244277954|0.8897638, 0.0, 0.44094488
0.0013314858078956604, 0.7510000467300415, 0.27950531244277954|0.8897638, 0.0, 0.44094488
0.22280535101890564, 0.7510000467300415, -0.16876837611198425|0.8897638, 0.0, 0.44094488
-0.22280535101890564, 1.5010000467300415, 0.16876837611198425|-0.8897638, 0.0, -0.44094488
-0.0013314858078956604, 1.5010000467300415, -0.27950531244277954|-0.8897638, 0.0, -0.44094488
-0.0013314858078956604, 0.7510000467300415, -0.27950531244277954|-0.8897638, 0.0, -0.44094488
-0.22280535101890564, 0.7510000467300415, 0.16876837611198425|-0.8897638, 0.0, -0.44094488
-0.2579249441623688, 1.2726472616195679, 0.17920921742916107|0.3464567, -0.09448819, -0.92913383
-0.20303210616111755, 1.516493558883667, 0.1741369366645813|0.3464567, -0.09448819, -0.92913383
0.4802199602127075, 1.3683326244354248, 0.4456418752670288|0.3464567, -0.09448819, -0.92913383
0.4253270626068115, 1.1244863271713257, 0.4507141411304474|0.3464567, -0.09448819, -0.92913383
-0.2903040647506714, 1.5409860610961914, 0.4071256220340729|-0.3464567, 0.09448819, 0.92913383
-0.3451969027519226, 1.2971396446228027, 0.41219788789749146|-0.3464567, 0.09448819, 0.92913383
0.3380551040172577, 1.1489787101745605, 0.683702826499939|-0.3464567, 0.09448819, 0.92913383
0.3929479718208313, 1.3928251266479492, 0.678630530834198|-0.3464567, 0.09448819, 0.92913383
-0.2579249441623688, 1.2726472616195679, 0.17920921742916107|-0.9055118, 0.19685039, -0.35433072
-0.3451969027519226, 1.2971396446228027, 0.41219788789749146|-0.9055118, 0.19685039, -0.35433072
-0.2903040647506714, 1.5409860610961914, 0.4071256220340729|-0.9055118, 0.19685039, -0.35433072
-0.20303210616111755, 1.516493558883667, 0.1741369366645813|-0.9055118, 0.19685039, -0.35433072
0.4802199602127075, 1.3683326244354248, 0.4456418752670288|0.9055118, -0.19685039, 0.35433072
0.3929479718208313, 1.3928251266479492, 0.678630530834198|0.9055118, -0.19685039, 0.35433072
0.3380551040172577, 1.1489787101745605, 0.683702826499939|0.9055118, -0.19685039, 0.35433072
0.4253270626068115, 1.1244863271713257, 0.4507141411304474|0.9055118, -0.19685039, 0.35433072
-0.20303210616111755, 1.516493558883667, 0.1741369366645813|0.21259843, 0.96850395, -0.015748031
-0.2903040647506714, 1.5409860610961914, 0.4071256220340729|0.21259843, 0.96850395, -0.015748031
0.3929479718208313, 1.3928251266479492, 0.678630530834198|0.21259843, 0.96850395, -0.015748031
0.4802199602127075, 1.3683326244354248, 0.4456418752670288|0.21259843, 0.96850395, -0.015748031
-0.3451969027519226, 1.2971396446228027, 0.41219788789749146|-0.21259843, -0.96850395, 0.015748031
-0.2579249441623688, 1.2726472616195679, 0.17920921742916107|-0.21259843, -0.96850395, 0.015748031
0.4253270626068115, 1.1244863271713257, 0.4507141411304474|-0.21259843, -0.96850395, 0.015748031
0.3380551040172577, 1.1489787101745605, 0.683702826499939|-0.21259843, -0.96850395, 0.015748031
0.6216641664505005, 1.142638921737671, 0.06936436891555786|-0.52755904, -0.09448819, 0.8425197
0.6444907784461975, 1.387892246246338, 0.11214041709899902|-0.52755904, -0.09448819, 0.8425197
0.011295855045318604, 1.5134258270263672, -0.26970431208610535|-0.52755904, -0.09448819, 0.8425197
-0.011530816555023193, 1.2681726217269897, -0.3124803304672241|-0.52755904, -0.09448819, 0.8425197
0.7765154838562012, 1.4123846292495728, -0.09873776137828827|0.52755904, 0.09448819, -0.8425197
0.7536888122558594, 1.1671314239501953, -0.14151377975940704|0.52755904, 0.09448819, -0.8425197
0.12049385160207748, 1.2926650047302246, -0.5233584642410278|0.52755904, 0.09448819, -0.8425197
0.14332051575183868, 1.5379183292388916, -0.48058247566223145|0.52755904, 0.09448819, -0.8425197
0.011295855045318604, 1.5134258270263672, -0.26970431208610535|-0.8425197, 0.16535433, -0.503937
0.14332051575183868, 1.5379183292388916, -0.48058247566223145|-0.8425197, 0.16535433, -0.503937
0.12049385160207748, 1.2926650047302246, -0.5233584642410278|-0.8425197, 0.16535433, -0.503937
-0.011530816555023193, 1.2681726217269897, -0.3124803304672241|-0.8425197, 0.16535433, -0.503937
0.6216641664505005, 1.142638921737671, 0.06936436891555786|0.8425197, -0.16535433, 0.503937
0.7536888122558594, 1.1671314239501953, -0.14151377975940704|0.8425197, -0.16535433, 0.503937
0.7765154838562012, 1.4123846292495728, -0.09873776137828827|0.8425197, -0.16535433, 0.503937
0.6444907784461975, 1.387892246246338, 0.11214041709899902|0.8425197, -0.16535433, 0.503937
0.6444907784461975, 1.387892246246338, 0.11214041709899902|0.08661418, 0.97637796, 0.16535433
0.7765154838562012, 1.4123846292495728, -0.09873776137828827|0.08661418, 0.97637796, 0.16535433
0.14332051575183868, 1.5379183292388916, -0.48058247566223145|0.08661418, 0.97637796, 0.16535433
0.011295855045318604, 1.5134258270263672, -0.26970431208610535|0.08661418, 0.97637796, 0.16535433
0.7536888122558594, 1.1671314239501953, -0.14151377975940704|-0.08661418, -0.97637796, -0.16535433
0.6216641664505005, 1.142638921737671, 0.06936436891555786|-0.08661418, -0.97637796, -0.16535433
-0.011530816555023193, 1.2681726217269897, -0.3124803304672241|-0.08661418, -0.97637796, -0.16535433
0.12049385160207748, 1.2926650047302246, -0.5233584642410278|-0.08661418, -0.97637796, -0.16535433
-0.11490342020988464, 0.7510000467300415, -0.0637403279542923|0.44094488, 0.0, -0.8897638
0.10923343151807785, 0.7510000467300415, 0.04699661582708359|0.44094488, 0.0, -0.8897638
0.10923343151807785, 0.001000046730041504, 0.04699661582708359|0.44094488, 0.0, -0.8897638
-0.11490342020988464, 0.001000046730041504, -0.0637403279542923|0.44094488, 0.0, -0.8897638
-0.0015035122632980347, 0.7510000467300415, 0.2711334824562073|-0.44094488, 0.0, 0.8897638
-0.22564035654067993, 0.7510000467300415, 0.1603965163230896|-0.44094488, 0.0, 0.8897638
-0.22564035654067993, 0.001000046730041504, 0.1603965163230896|-0.44094488, 0.0, 0.8897638
-0.0015035122632980347, 0.001000046730041504, 0.2711334824562073|-0.44094488, 0.0, 0.8897638
-0.11490342020988464, 0.7510000467300415, -0.0637403279542923|0.0, 1.0, 0.0
-0.22564035654067993, 0.7510000467300415, 0.1603965163230896|0.0, 1.0, 0.0
-0.0015035122632980347, 0.7510000467300415, 0.2711334824562073|0.0, 1.0, 0.0
0.10923343151807785, 0.7510000467300415, 0.04699661582708359|0.0, 1.0, 0.0
0.10923343151807785, 0.001000046730041504, 0.04699661582708359|0.0, -1.0, 0.0
-0.0015035122632980347, 0.001000046730041504, 0.2711334824562073|0.0, -1.0, 0.0
-0.22564035654067993, 0.001000046730041504, 0.1603965163230896|0.0, -1.0, 0.0
-0.11490342020988464, 0.001000046730041504, -0.0637403279542923|0.0, -1.0, 0.0
0.10923343151807785, 0.7510000467300415, 0.04699661582708359|0.8897638, 0.0, 0.44094488
-0.0015035122632980347, 0.7510000467300415, 0.2711334824562073|0.8897638, 0.0, 0.44094488
-0.0015035122632980347, 0.001000046730041504, 0.2711334824562073|0.8897638, 0.0, 0.44094488
0.10923343151807785, 0.001000046730041504, 0.04699661582708359|0.8897638, 0.0, 0.44094488
-0.22564035654067993, 0.7510000467300415, 0.1603965163230896|-0.8897638, 0.0, -0.44094488
-0.11490342020988464, 0.7510000467300415, -0.0637403279542923|-0.8897638, 0.0, -0.44094488
-0.11490342020988464, 0.001000046730041504, -0.0637403279542923|-0.8897638, 0.0, -0.44094488
-0.22564035654067993, 0.001000046730041504, 0.1603965163230896|-0.8897638, 0.0, -0.44094488
-0.120440274477005, 0.001000046730041504, -0.05253347009420395|-0.44094488, 0.0, 0.8897638
0.10369657725095749, 0.001000046730041504, 0.058203473687171936|-0.44094488, 0.0, 0.8897638
0.10369657725095749, 0.7510000467300415, 0.058203473687171936|-0.44094488, 0.0, 0.8897638
-0.120440274477005, 0.7510000467300415, -0.05253347009420395|-0.44094488, 0.0, 0.8897638
0.21443352103233337, 0.001000046730041504, -0.16593337059020996|0.44094488, 0.0, -0.8897638
-0.00970333069562912, 0.001000046730041504, -0.27667033672332764|0.44094488, 0.0, -0.8897638
-0.00970333069562912, 0.7510000467300415, -0.27667033672332764|0.44094488, 0.0, -0.8897638
0.21443352103233337, 0.7510000467300415, -0.16593337059020996|0.44094488, 0.0, -0.8897638
0.10369657725095749, 0.7510000467300415, 0.058203473687171936|0.0, 1.0, 0.0
0.21443352103233337, 0.7510000467300415, -0.16593337059020996|0.0, 1.0, 0.0
-0.00970333069562912, 0.7510000467300415, -0.27667033672332764|0.0, 1.0, 0.0
-0.120440274477005, 0.7510000467300415, -0.05253347009420395|0.0, 1.0, 0.0
-0.120440274477005, 0.001000046730041504, -0.05253347009420395|0.0, -1.0, 0.0
-0.00970333069562912, 0.001000046730041504, -0.27667033672332764|0.0, -1.0, 0.0
0.21443352103233337, 0.001000046730041504, -0.16593337059020996|0.0, -1.0, 0.0
0.10369657725095749, 0.001000046730041504, 0.058203473687171936|0.0, -1.0, 0.0
0.10369657725095749, 0.001000046730041504, 0.058203473687171936|0.8897638, 0.0, 0.44094488
0.21443352103233337, 0.001000046730041504, -0.16593337059020996|0.8897638, 0.0, 0.44094488
0.21443352103233337, 0.7510000467300415, -0.16593337059020996|0.8897638, 0.0, 0.44094488
0.10369657725095749, 0.7510000467300415, 0.058203473687171936|0.8897638, 0.0, 0.44094488
-0.00970333069562912, 0.001000046730041504, -0.27667033672332764|-0.8897638, 0.0, -0.44094488
-0.120440274477005, 0.001000046730041504, -0.05253347009420395|-0.8897638, 0.0, -0.44094488
-0.120440274477005, 0.7510000467300415, -0.05253347009420395|-0.8897638, 0.0, -0.44094488
-0.00970333069562912, 0.7510000467300415, -0.27667033672332764|-0.8897638, 0.0, -0.44094488
-0.12757490575313568, 2.032249927520752, -0.3767330050468445|0.44094488, 0.0, -0.8897638
0.3767330050468445, 2.032249927520752, -0.12757490575313568|0.44094488, 0.0, -0.8897638
0.3767330050468445, 1.4697500467300415, -0.12757490575313568|0.44094488, 0.0, -0.8897638
-0.12757490575313568, 1.4697500467300415, -0.3767330050468445|0.44094488, 0.0, -0.8897638
0.12757490575313568, 2.032249927520752, 0.3767330050468445|-0.44094488, 0.0, 0.8897638
-0.3767330050468445, 2.032249927520752, 0.12757490575313568|-0.44094488, 0.0, 0.8897638
-0.3767330050468445, 1.4697500467300415, 0.12757490575313568|-0.44094488, 0.0, 0.8897638
0.12757490575313568, 1.4697500467300415, 0.3767330050468445|-0.44094488, 0.0, 0.8897638
-0.12757490575313568, 2.032249927520752, -0.3767330050468445|0.0, 1.0, 0.0
-0.3767330050468445, 2.032249927520752, 0.12757490575313568|0.0, 1.0, 0.0
0.12757490575313568, 2.032249927520752, 0.3767330050468445|0.0, 1.0, 0.0
0.3767330050468445, 2.032249927520752, -0.12757490575313568|0.0, 1.0, 0.0
0.3767330050468445, 1.4697500467300415, -0.12757490575313568|0.0, -1.0, 0.0
0.12757490575313568, 1.4697500467300415, 0.3767330050468445|0.0, -1.0, 0.0
-0.3767330050468445, 1.4697500467300415, 0.12757490575313568|0.0, -1.0, 0.0
-0.12757490575313568, 1.4697500467300415, -0.3767330050468445|0.0, -1.0, 0.0
0.3767330050468445, 2.032249927520752, -0.12757490575313568|0.8897638, 0.0, 0.44094488
0.12757490575313568, 2.032249927520752, 0.3767330050468445|0.8897638, 0.0, 0.44094488
0.12757490575313568, 1.4697500467300415, 0.3767330050468445|0.8897638, 0.0, 0.44094488
0.3767330050468445, 1.4697500467300415, -0.12757490575313568|0.8897638, 0.0, 0.44094488
-0.3767330050468445, 2.032249927520752, 0.12757490575313568|-0.8897638, 0.0, -0.44094488
-0.12757490575313568, 2.032249927520752, -0.3767330050468445|-0.8897638, 0.0, -0.44094488
-0.12757490575313568, 1.4697500467300415, -0.3767330050468445|-0.8897638, 0.0, -0.44094488
-0.3767330050468445, 1.4697500467300415, 0.12757490575313568|-0.8897638, 0.0, -0.44094488